2 0 0
2 0.2 0
1.61803 0 1.17557
2 0.2 0
1.45623 0.2 1.05801
1.61803 0 1.17557
1.61803 0 1.17557
1.61803 0.2 1.17557
0.618034 0 1.90211
1.61803 0.2 1.17557
0.556231 0.2 1.7119
0.618034 0 1.90211
0.618034 0 1.90211
0.618034 0.2 1.90211
-0.618034 0 1.90211
0.618034 0.2 1.90211
-0.556231 0.2 1.7119
-0.618034 0 1.90211
-0.618034 0 1.90211
-0.618034 0.2 1.90211
-1.61803 0 1.17557
-0.618034 0.2 1.90211
-1.45623 0.2 1.05801
-1.61803 0 1.17557
-1.61803 0 1.17557
-1.61803 0.2 1.17557
-2 0 -1.74846e-07
-1.61803 0.2 1.17557
-1.8 0.2 -1.57361e-07
-2 0 -1.74846e-07
-2 0 -1.74846e-07
-2 0.2 -1.74846e-07
-1.61803 0 -1.17557
-2 0.2 -1.74846e-07
-1.45623 0.2 -1.05801
-1.61803 0 -1.17557
-1.61803 0 -1.17557
-1.61803 0.2 -1.17557
-0.618034 0 -1.90211
-1.61803 0.2 -1.17557
-0.556231 0.2 -1.7119
-0.618034 0 -1.90211
-0.618034 0 -1.90211
-0.618034 0.2 -1.90211
0.618034 0 -1.90211
-0.618034 0.2 -1.90211
0.556231 0.2 -1.7119
0.618034 0 -1.90211
0.618034 0 -1.90211
0.618034 0.2 -1.90211
1.61803 0 -1.17557
0.618034 0.2 -1.90211
1.45623 0.2 -1.05801
1.61803 0 -1.17557
1.61803 0 -1.17557
1.61803 0.2 -1.17557
2 0 3.49691e-07
1.61803 0.2 -1.17557
1.8 0.2 3.14722e-07
2 0 3.49691e-07
2 0.2 0
1.8 0.4 0
1.61803 0.2 1.17557
1.8 0.4 0
1.29443 0.4 0.940456
1.61803 0.2 1.17557
1.61803 0.2 1.17557
1.45623 0.4 1.05801
0.618034 0.2 1.90211
1.45623 0.4 1.05801
0.494427 0.4 1.52169
0.618034 0.2 1.90211
0.618034 0.2 1.90211
0.556231 0.4 1.7119
-0.618034 0.2 1.90211
0.556231 0.4 1.7119
-0.494427 0.4 1.52169
-0.618034 0.2 1.90211
-0.618034 0.2 1.90211
-0.556231 0.4 1.7119
-1.61803 0.2 1.17557
-0.556231 0.4 1.7119
-1.29443 0.4 0.940456
-1.61803 0.2 1.17557
-1.61803 0.2 1.17557
-1.45623 0.4 1.05801
-2 0.2 -1.74846e-07
-1.45623 0.4 1.05801
-1.6 0.4 -1.39876e-07
-2 0.2 -1.74846e-07
-2 0.2 -1.74846e-07
-1.8 0.4 -1.57361e-07
-1.61803 0.2 -1.17557
-1.8 0.4 -1.57361e-07
-1.29443 0.4 -0.940457
-1.61803 0.2 -1.17557
-1.61803 0.2 -1.17557
-1.45623 0.4 -1.05801
-0.618034 0.2 -1.90211
-1.45623 0.4 -1.05801
-0.494427 0.4 -1.52169
-0.618034 0.2 -1.90211
-0.618034 0.2 -1.90211
-0.556231 0.4 -1.7119
0.618034 0.2 -1.90211
-0.556231 0.4 -1.7119
0.494427 0.4 -1.52169
0.618034 0.2 -1.90211
0.618034 0.2 -1.90211
0.556231 0.4 -1.7119
1.61803 0.2 -1.17557
0.556231 0.4 -1.7119
1.29443 0.4 -0.940456
1.61803 0.2 -1.17557
1.61803 0.2 -1.17557
1.45623 0.4 -1.05801
2 0.2 3.49691e-07
1.45623 0.4 -1.05801
1.6 0.4 2.79753e-07
2 0.2 3.49691e-07
2 0.4 0
1.6 0.6 0
1.61803 0.4 1.17557
1.6 0.6 0
1.13262 0.6 0.822899
1.61803 0.4 1.17557
1.61803 0.4 1.17557
1.29443 0.6 0.940456
0.618034 0.4 1.90211
1.29443 0.6 0.940456
0.432624 0.6 1.33148
0.618034 0.4 1.90211
0.618034 0.4 1.90211
0.494427 0.6 1.52169
-0.618034 0.4 1.90211
0.494427 0.6 1.52169
-0.432624 0.6 1.33148
-0.618034 0.4 1.90211
-0.618034 0.4 1.90211
-0.494427 0.6 1.52169
-1.61803 0.4 1.17557
-0.494427 0.6 1.52169
-1.13262 0.6 0.822899
-1.61803 0.4 1.17557
-1.61803 0.4 1.17557
-1.29443 0.6 0.940456
-2 0.4 -1.74846e-07
-1.29443 0.6 0.940456
-1.4 0.6 -1.22392e-07
-2 0.4 -1.74846e-07
-2 0.4 -1.74846e-07
-1.6 0.6 -1.39876e-07
-1.61803 0.4 -1.17557
-1.6 0.6 -1.39876e-07
-1.13262 0.6 -0.8229
-1.61803 0.4 -1.17557
-1.61803 0.4 -1.17557
-1.29443 0.6 -0.940457
-0.618034 0.4 -1.90211
-1.29443 0.6 -0.940457
-0.432624 0.6 -1.33148
-0.618034 0.4 -1.90211
-0.618034 0.4 -1.90211
-0.494427 0.6 -1.52169
0.618034 0.4 -1.90211
-0.494427 0.6 -1.52169
0.432624 0.6 -1.33148
0.618034 0.4 -1.90211
0.618034 0.4 -1.90211
0.494427 0.6 -1.52169
1.61803 0.4 -1.17557
0.494427 0.6 -1.52169
1.13262 0.6 -0.822899
1.61803 0.4 -1.17557
1.61803 0.4 -1.17557
1.29443 0.6 -0.940456
2 0.4 3.49691e-07
1.29443 0.6 -0.940456
1.4 0.6 2.44784e-07
2 0.4 3.49691e-07
2 0.6 0
1.4 0.8 0
1.61803 0.6 1.17557
1.4 0.8 0
0.97082 0.8 0.705342
1.61803 0.6 1.17557
1.61803 0.6 1.17557
1.13262 0.8 0.822899
0.618034 0.6 1.90211
1.13262 0.8 0.822899
0.37082 0.8 1.14127
0.618034 0.6 1.90211
0.618034 0.6 1.90211
0.432624 0.8 1.33148
-0.618034 0.6 1.90211
0.432624 0.8 1.33148
-0.37082 0.8 1.14127
-0.618034 0.6 1.90211
-0.618034 0.6 1.90211
-0.432624 0.8 1.33148
-1.61803 0.6 1.17557
-0.432624 0.8 1.33148
-0.97082 0.8 0.705342
-1.61803 0.6 1.17557
-1.61803 0.6 1.17557
-1.13262 0.8 0.822899
-2 0.6 -1.74846e-07
-1.13262 0.8 0.822899
-1.2 0.8 -1.04907e-07
-2 0.6 -1.74846e-07
-2 0.6 -1.74846e-07
-1.4 0.8 -1.22392e-07
-1.61803 0.6 -1.17557
-1.4 0.8 -1.22392e-07
-0.97082 0.8 -0.705342
-1.61803 0.6 -1.17557
-1.61803 0.6 -1.17557
-1.13262 0.8 -0.8229
-0.618034 0.6 -1.90211
-1.13262 0.8 -0.8229
-0.370821 0.8 -1.14127
-0.618034 0.6 -1.90211
-0.618034 0.6 -1.90211
-0.432624 0.8 -1.33148
0.618034 0.6 -1.90211
-0.432624 0.8 -1.33148
0.370821 0.8 -1.14127
0.618034 0.6 -1.90211
0.618034 0.6 -1.90211
0.432624 0.8 -1.33148
1.61803 0.6 -1.17557
0.432624 0.8 -1.33148
0.970821 0.8 -0.705342
1.61803 0.6 -1.17557
1.61803 0.6 -1.17557
1.13262 0.8 -0.822899
2 0.6 3.49691e-07
1.13262 0.8 -0.822899
1.2 0.8 2.09815e-07
2 0.6 3.49691e-07
2 0.8 0
1.2 1 0
1.61803 0.8 1.17557
1.2 1 0
0.809017 1 0.587785
1.61803 0.8 1.17557
1.61803 0.8 1.17557
0.97082 1 0.705342
0.618034 0.8 1.90211
0.97082 1 0.705342
0.309017 1 0.951057
0.618034 0.8 1.90211
0.618034 0.8 1.90211
0.37082 1 1.14127
-0.618034 0.8 1.90211
0.37082 1 1.14127
-0.309017 1 0.951056
-0.618034 0.8 1.90211
-0.618034 0.8 1.90211
-0.37082 1 1.14127
-1.61803 0.8 1.17557
-0.37082 1 1.14127
-0.809017 1 0.587785
-1.61803 0.8 1.17557
-1.61803 0.8 1.17557
-0.97082 1 0.705342
-2 0.8 -1.74846e-07
-0.97082 1 0.705342
-1 1 -8.74228e-08
-2 0.8 -1.74846e-07
-2 0.8 -1.74846e-07
-1.2 1 -1.04907e-07
-1.61803 0.8 -1.17557
-1.2 1 -1.04907e-07
-0.809017 1 -0.587785
-1.61803 0.8 -1.17557
-1.61803 0.8 -1.17557
-0.97082 1 -0.705342
-0.618034 0.8 -1.90211
-0.97082 1 -0.705342
-0.309017 1 -0.951056
-0.618034 0.8 -1.90211
-0.618034 0.8 -1.90211
-0.370821 1 -1.14127
0.618034 0.8 -1.90211
-0.370821 1 -1.14127
0.309017 1 -0.951056
0.618034 0.8 -1.90211
0.618034 0.8 -1.90211
0.370821 1 -1.14127
1.61803 0.8 -1.17557
0.370821 1 -1.14127
0.809017 1 -0.587785
1.61803 0.8 -1.17557
1.61803 0.8 -1.17557
0.970821 1 -0.705342
2 0.8 3.49691e-07
0.970821 1 -0.705342
1 1 1.74846e-07
2 0.8 3.49691e-07
2 1 0
1 1.2 0
1.61803 1 1.17557
1 1.2 0
0.647214 1.2 0.470228
1.61803 1 1.17557
1.61803 1 1.17557
0.809017 1.2 0.587785
0.618034 1 1.90211
0.809017 1.2 0.587785
0.247214 1.2 0.760845
0.618034 1 1.90211
0.618034 1 1.90211
0.309017 1.2 0.951057
-0.618034 1 1.90211
0.309017 1.2 0.951057
-0.247214 1.2 0.760845
-0.618034 1 1.90211
-0.618034 1 1.90211
-0.309017 1.2 0.951056
-1.61803 1 1.17557
-0.309017 1.2 0.951056
-0.647214 1.2 0.470228
-1.61803 1 1.17557
-1.61803 1 1.17557
-0.809017 1.2 0.587785
-2 1 -1.74846e-07
-0.809017 1.2 0.587785
-0.8 1.2 -6.99382e-08
-2 1 -1.74846e-07
-2 1 -1.74846e-07
-1 1.2 -8.74228e-08
-1.61803 1 -1.17557
-1 1.2 -8.74228e-08
-0.647214 1.2 -0.470228
-1.61803 1 -1.17557
-1.61803 1 -1.17557
-0.809017 1.2 -0.587785
-0.618034 1 -1.90211
-0.809017 1.2 -0.587785
-0.247214 1.2 -0.760845
-0.618034 1 -1.90211
-0.618034 1 -1.90211
-0.309017 1.2 -0.951056
0.618034 1 -1.90211
-0.309017 1.2 -0.951056
0.247214 1.2 -0.760845
0.618034 1 -1.90211
0.618034 1 -1.90211
0.309017 1.2 -0.951056
1.61803 1 -1.17557
0.309017 1.2 -0.951056
0.647214 1.2 -0.470228
1.61803 1 -1.17557
1.61803 1 -1.17557
0.809017 1.2 -0.587785
2 1 3.49691e-07
0.809017 1.2 -0.587785
0.8 1.2 1.39876e-07
2 1 3.49691e-07
2 1.2 0
0.8 1.4 0
1.61803 1.2 1.17557
0.8 1.4 0
0.48541 1.4 0.352671
1.61803 1.2 1.17557
1.61803 1.2 1.17557
0.647214 1.4 0.470228
0.618034 1.2 1.90211
0.647214 1.4 0.470228
0.18541 1.4 0.570634
0.618034 1.2 1.90211
0.618034 1.2 1.90211
0.247214 1.4 0.760845
-0.618034 1.2 1.90211
0.247214 1.4 0.760845
-0.18541 1.4 0.570634
-0.618034 1.2 1.90211
-0.618034 1.2 1.90211
-0.247214 1.4 0.760845
-1.61803 1.2 1.17557
-0.247214 1.4 0.760845
-0.48541 1.4 0.352671
-1.61803 1.2 1.17557
-1.61803 1.2 1.17557
-0.647214 1.4 0.470228
-2 1.2 -1.74846e-07
-0.647214 1.4 0.470228
-0.6 1.4 -5.24537e-08
-2 1.2 -1.74846e-07
-2 1.2 -1.74846e-07
-0.8 1.4 -6.99382e-08
-1.61803 1.2 -1.17557
-0.8 1.4 -6.99382e-08
-0.48541 1.4 -0.352671
-1.61803 1.2 -1.17557
-1.61803 1.2 -1.17557
-0.647214 1.4 -0.470228
-0.618034 1.2 -1.90211
-0.647214 1.4 -0.470228
-0.18541 1.4 -0.570634
-0.618034 1.2 -1.90211
-0.618034 1.2 -1.90211
-0.247214 1.4 -0.760845
0.618034 1.2 -1.90211
-0.247214 1.4 -0.760845
0.18541 1.4 -0.570634
0.618034 1.2 -1.90211
0.618034 1.2 -1.90211
0.247214 1.4 -0.760845
1.61803 1.2 -1.17557
0.247214 1.4 -0.760845
0.48541 1.4 -0.352671
1.61803 1.2 -1.17557
1.61803 1.2 -1.17557
0.647214 1.4 -0.470228
2 1.2 3.49691e-07
0.647214 1.4 -0.470228
0.6 1.4 1.04907e-07
2 1.2 3.49691e-07
2 1.4 0
0.6 1.6 0
1.61803 1.4 1.17557
0.6 1.6 0
0.323607 1.6 0.235114
1.61803 1.4 1.17557
1.61803 1.4 1.17557
0.48541 1.6 0.352671
0.618034 1.4 1.90211
0.48541 1.6 0.352671
0.123607 1.6 0.380423
0.618034 1.4 1.90211
0.618034 1.4 1.90211
0.18541 1.6 0.570634
-0.618034 1.4 1.90211
0.18541 1.6 0.570634
-0.123607 1.6 0.380423
-0.618034 1.4 1.90211
-0.618034 1.4 1.90211
-0.18541 1.6 0.570634
-1.61803 1.4 1.17557
-0.18541 1.6 0.570634
-0.323607 1.6 0.235114
-1.61803 1.4 1.17557
-1.61803 1.4 1.17557
-0.48541 1.6 0.352671
-2 1.4 -1.74846e-07
-0.48541 1.6 0.352671
-0.4 1.6 -3.49691e-08
-2 1.4 -1.74846e-07
-2 1.4 -1.74846e-07
-0.6 1.6 -5.24537e-08
-1.61803 1.4 -1.17557
-0.6 1.6 -5.24537e-08
-0.323607 1.6 -0.235114
-1.61803 1.4 -1.17557
-1.61803 1.4 -1.17557
-0.48541 1.6 -0.352671
-0.618034 1.4 -1.90211
-0.48541 1.6 -0.352671
-0.123607 1.6 -0.380423
-0.618034 1.4 -1.90211
-0.618034 1.4 -1.90211
-0.18541 1.6 -0.570634
0.618034 1.4 -1.90211
-0.18541 1.6 -0.570634
0.123607 1.6 -0.380423
0.618034 1.4 -1.90211
0.618034 1.4 -1.90211
0.18541 1.6 -0.570634
1.61803 1.4 -1.17557
0.18541 1.6 -0.570634
0.323607 1.6 -0.235114
1.61803 1.4 -1.17557
1.61803 1.4 -1.17557
0.48541 1.6 -0.352671
2 1.4 3.49691e-07
0.48541 1.6 -0.352671
0.4 1.6 6.99382e-08
2 1.4 3.49691e-07
2 1.6 0
0.4 1.8 0
1.61803 1.6 1.17557
0.4 1.8 0
0.161803 1.8 0.117557
1.61803 1.6 1.17557
1.61803 1.6 1.17557
0.323607 1.8 0.235114
0.618034 1.6 1.90211
0.323607 1.8 0.235114
0.0618034 1.8 0.190211
0.618034 1.6 1.90211
0.618034 1.6 1.90211
0.123607 1.8 0.380423
-0.618034 1.6 1.90211
0.123607 1.8 0.380423
-0.0618034 1.8 0.190211
-0.618034 1.6 1.90211
-0.618034 1.6 1.90211
-0.123607 1.8 0.380423
-1.61803 1.6 1.17557
-0.123607 1.8 0.380423
-0.161803 1.8 0.117557
-1.61803 1.6 1.17557
-1.61803 1.6 1.17557
-0.323607 1.8 0.235114
-2 1.6 -1.74846e-07
-0.323607 1.8 0.235114
-0.2 1.8 -1.74846e-08
-2 1.6 -1.74846e-07
-2 1.6 -1.74846e-07
-0.4 1.8 -3.49691e-08
-1.61803 1.6 -1.17557
-0.4 1.8 -3.49691e-08
-0.161803 1.8 -0.117557
-1.61803 1.6 -1.17557
-1.61803 1.6 -1.17557
-0.323607 1.8 -0.235114
-0.618034 1.6 -1.90211
-0.323607 1.8 -0.235114
-0.0618034 1.8 -0.190211
-0.618034 1.6 -1.90211
-0.618034 1.6 -1.90211
-0.123607 1.8 -0.380423
0.618034 1.6 -1.90211
-0.123607 1.8 -0.380423
0.0618034 1.8 -0.190211
0.618034 1.6 -1.90211
0.618034 1.6 -1.90211
0.123607 1.8 -0.380423
1.61803 1.6 -1.17557
0.123607 1.8 -0.380423
0.161803 1.8 -0.117557
1.61803 1.6 -1.17557
1.61803 1.6 -1.17557
0.323607 1.8 -0.235114
2 1.6 3.49691e-07
0.323607 1.8 -0.235114
0.2 1.8 3.49691e-08
2 1.6 3.49691e-07
2 1.8 0
0.2 2 0
1.61803 1.8 1.17557
0.2 2 0
0 2 0
1.61803 1.8 1.17557
1.61803 1.8 1.17557
0.161803 2 0.117557
0.618034 1.8 1.90211
0.161803 2 0.117557
0 2 0
0.618034 1.8 1.90211
0.618034 1.8 1.90211
0.0618034 2 0.190211
-0.618034 1.8 1.90211
0.0618034 2 0.190211
-0 2 0
-0.618034 1.8 1.90211
-0.618034 1.8 1.90211
-0.0618034 2 0.190211
-1.61803 1.8 1.17557
-0.0618034 2 0.190211
-0 2 0
-1.61803 1.8 1.17557
-1.61803 1.8 1.17557
-0.161803 2 0.117557
-2 1.8 -1.74846e-07
-0.161803 2 0.117557
-0 2 -0
-2 1.8 -1.74846e-07
-2 1.8 -1.74846e-07
-0.2 2 -1.74846e-08
-1.61803 1.8 -1.17557
-0.2 2 -1.74846e-08
-0 2 -0
-1.61803 1.8 -1.17557
-1.61803 1.8 -1.17557
-0.161803 2 -0.117557
-0.618034 1.8 -1.90211
-0.161803 2 -0.117557
-0 2 -0
-0.618034 1.8 -1.90211
-0.618034 1.8 -1.90211
-0.0618034 2 -0.190211
0.618034 1.8 -1.90211
-0.0618034 2 -0.190211
0 2 -0
0.618034 1.8 -1.90211
0.618034 1.8 -1.90211
0.0618034 2 -0.190211
1.61803 1.8 -1.17557
0.0618034 2 -0.190211
0 2 -0
1.61803 1.8 -1.17557
1.61803 1.8 -1.17557
0.161803 2 -0.117557
2 1.8 3.49691e-07
0.161803 2 -0.117557
0 2 0
2 1.8 3.49691e-07
